1.00000e-06 4.00001e-01 3.50000e-01 1.41000e+00 -3.98808e-06
6.00000e-06 4.00008e-01 3.50000e-01 1.41000e+00 -2.39285e-05
3.10000e-05 4.00044e-01 3.50000e-01 1.41000e+00 -1.23631e-04
1.56000e-04 4.00220e-01 3.50000e-01 1.41000e+00 -6.22141e-04
7.81000e-04 4.01101e-01 3.49999e-01 1.41000e+00 -3.11469e-03
3.90600e-03 4.05507e-01 3.49970e-01 1.40991e+00 -1.55771e-02
1.95310e-02 4.27525e-01 3.49240e-01 1.40785e+00 -7.78516e-02
8.39651e-02 5.17281e-01 3.36008e-01 1.37042e+00 -3.31721e-01
1.48399e-01 6.03153e-01 3.06728e-01 1.28761e+00 -5.74602e-01
2.12833e-01 6.82295e-01 2.62369e-01 1.16214e+00 -7.98452e-01
2.77267e-01 7.52088e-01 2.04401e-01 9.98185e-01 -9.95855e-01
3.44481e-01 8.12433e-01 1.31510e-01 7.92018e-01 -1.16654e+00
4.11695e-01 8.57917e-01 4.85297e-02 5.57313e-01 -1.29518e+00
4.78909e-01 8.86901e-01 -4.15509e-02 3.02527e-01 -1.37716e+00
5.46122e-01 8.98340e-01 -1.35486e-01 3.68394e-02 -1.40952e+00
6.13336e-01 8.91823e-01 -2.29890e-01 -2.30175e-01 -1.39109e+00
6.80550e-01 8.67584e-01 -3.21361e-01 -4.88896e-01 -1.32253e+00
7.47764e-01 8.26497e-01 -4.06605e-01 -7.30001e-01 -1.20632e+00
8.14977e-01 7.70042e-01 -4.82548e-01 -9.44802e-01 -1.04664e+00
8.82191e-01 7.00253e-01 -5.46455e-01 -1.12556e+00 -8.49245e-01
9.49405e-01 6.19646e-01 -5.96024e-01 -1.26576e+00 -6.21252e-01
1.01662e+00 5.31124e-01 -6.29467e-01 -1.36035e+00 -3.70874e-01
1.08383e+00 4.37877e-01 -6.45579e-01 -1.40592e+00 -1.07132e-01
1.15105e+00 3.43265e-01 -6.43782e-01 -1.40084e+00 1.60470e-01
1.21826e+00 2.50698e-01 -6.24138e-01 -1.34528e+00 4.22289e-01
1.28547e+00 1.63511e-01 -5.87356e-01 -1.24124e+00 6.68893e-01
1.35269e+00 8.48445e-02 -5.34761e-01 -1.09248e+00 8.91394e-01
1.41990e+00 1.75342e-02 -4.68248e-01 -9.04355e-01 1.08178e+00
1.48711e+00 -3.59947e-02 -3.90215e-01 -6.83643e-01 1.23318e+00
1.55433e+00 -7.38136e-02 -3.03472e-01 -4.38297e-01 1.34015e+00
1.62154e+00 -9.45596e-02 -2.11145e-01 -1.77159e-01 1.39883e+00
1.68876e+00 -9.74854e-02 -1.16562e-01 9.03638e-02 1.40710e+00
1.75597e+00 -8.24853e-02 -2.31296e-02 3.54630e-01 1.36467e+00
1.82318e+00 -5.01000e-02 6.57848e-02 6.06118e-01 1.27307e+00
1.89040e+00 -1.49630e-03 1.46978e-01 8.35766e-01 1.13560e+00
1.95761e+00 6.15744e-02 2.17523e-01 1.03530e+00 9.57212e-01
2.02483e+00 1.36839e-01 2.74879e-01 1.19753e+00 7.44330e-01
2.09204e+00 2.21587e-01 3.16980e-01 1.31661e+00 5.04628e-01
2.15925e+00 3.12763e-01 3.42307e-01 1.38824e+00 2.46743e-01
2.22647e+00 4.07083e-01 3.49950e-01 1.40986e+00 -2.00329e-02
2.29368e+00 5.01147e-01 3.39631e-01 1.38067e+00 -2.86087e-01
2.36089e+00 5.91567e-01 3.11723e-01 1.30174e+00 -5.41833e-01
2.42811e+00 6.75084e-01 2.67231e-01 1.17590e+00 -7.78055e-01
2.49532e+00 7.48689e-01 2.07760e-01 1.00768e+00 -9.86241e-01
2.56254e+00 8.09730e-01 1.35451e-01 8.03163e-01 -1.15889e+00
2.62975e+00 8.56007e-01 5.29098e-02 5.69702e-01 -1.28978e+00
2.69696e+00 8.85853e-01 -3.68889e-02 3.15713e-01 -1.37420e+00
2.76418e+00 8.98192e-01 -1.30710e-01 5.03479e-02 -1.40910e+00
2.83139e+00 8.92580e-01 -2.25172e-01 -2.16831e-01 -1.39323e+00
2.89860e+00 8.69219e-01 -3.16871e-01 -4.76197e-01 -1.32715e+00
2.96582e+00 8.28951e-01 -4.02505e-01 -7.18405e-01 -1.21326e+00
3.03303e+00 7.73227e-01 -4.78986e-01 -9.34726e-01 -1.05564e+00
3.10025e+00 7.04054e-01 -5.43559e-01 -1.11737e+00 -8.59994e-01
3.16746e+00 6.23925e-01 -5.93898e-01 -1.25975e+00 -6.33356e-01
3.23467e+00 5.35728e-01 -6.28188e-01 -1.35673e+00 -3.83896e-01
3.30189e+00 4.42640e-01 -6.45193e-01 -1.40483e+00 -1.20603e-01
3.36910e+00 3.48015e-01 -6.44302e-01 -1.40231e+00 1.47035e-01
3.43631e+00 2.55264e-01 -6.25547e-01 -1.34926e+00 4.09375e-01
3.50353e+00 1.67728e-01 -5.89602e-01 -1.24760e+00 6.56965e-01
3.57074e+00 8.85613e-02 -5.37764e-01 -1.10097e+00 8.80882e-01
3.63796e+00 2.06166e-02 -4.71899e-01 -9.14682e-01 1.07306e+00
3.70517e+00 -3.36578e-02 -3.94382e-01 -6.95431e-01 1.22657e+00
3.77238e+00 -7.23064e-02 -3.08006e-01 -4.51122e-01 1.33588e+00
3.83960e+00 -9.39364e-02 -2.15883e-01 -1.90558e-01 1.39706e+00
3.90681e+00 -9.77686e-02 -1.21332e-01 7.68726e-02 1.40790e+00
3.97402e+00 -8.36647e-02 -2.77600e-02 3.41533e-01 1.36801e+00
4.04124e+00 -5.21332e-02 6.14607e-02 5.93888e-01 1.27883e+00
4.10845e+00 -4.30998e-03 1.43116e-01 8.24842e-01 1.14356e+00
4.17567e+00 5.80816e-02 2.14262e-01 1.02608e+00 9.67091e-01
4.24288e+00 1.32793e-01 2.72337e-01 1.19034e+00 7.55774e-01
4.31009e+00 2.17133e-01 3.15248e-01 1.31171e+00 5.17225e-01
4.37731e+00 3.08063e-01 3.41449e-01 1.38581e+00 2.60038e-01
4.44452e+00 4.02305e-01 3.49994e-01 1.40998e+00 -6.51850e-03
4.51173e+00 4.96464e-01 3.40578e-01 1.38335e+00 -2.72840e-01
4.57895e+00 5.87147e-01 3.13538e-01 1.30687e+00 -5.29331e-01
4.64616e+00 6.71086e-01 2.69849e-01 1.18330e+00 -7.66748e-01
4.71338e+00 7.45258e-01 2.11085e-01 1.01709e+00 -9.76537e-01
4.78059e+00 8.06989e-01 1.39365e-01 8.14234e-01 -1.15114e+00
4.84780e+00 8.54055e-01 5.72713e-02 5.82038e-01 -1.28426e+00
4.91502e+00 8.84760e-01 -3.22372e-02 3.28870e-01 -1.37111e+00
4.98223e+00 8.97998e-01 -1.25935e-01 6.38518e-02 -1.40855e+00
5.04944e+00 8.93292e-01 -2.20447e-01 -2.03467e-01 -1.39524e+00
5.11666e+00 8.70811e-01 -3.12366e-01 -4.63455e-01 -1.33166e+00
5.18387e+00 8.31366e-01 -3.98381e-01 -7.06742e-01 -1.22009e+00
5.25109e+00 7.76377e-01 -4.75393e-01 -9.24565e-01 -1.06455e+00
5.31830e+00 7.07826e-01 -5.40626e-01 -1.10907e+00 -8.70664e-01
5.38551e+00 6.28184e-01 -5.91731e-01 -1.25362e+00 -6.45401e-01
5.45273e+00 5.40319e-01 -6.26864e-01 -1.35299e+00 -3.96882e-01
5.51994e+00 4.47398e-01 -6.44762e-01 -1.40361e+00 -1.34063e-01
5.58715e+00 3.52770e-01 -6.44778e-01 -1.40366e+00 1.33587e-01
5.65437e+00 2.59843e-01 -6.26912e-01 -1.35312e+00 3.96424e-01
5.72158e+00 1.71967e-01 -5.91808e-01 -1.25384e+00 6.44976e-01
5.78880e+00 9.23067e-02 -5.40731e-01 -1.10937e+00 8.70288e-01
5.85601e+00 2.37338e-02 -4.75521e-01 -9.24925e-01 1.06424e+00
5.92322e+00 -3.12811e-02 -3.98528e-01 -7.07156e-01 1.21985e+00
5.99044e+00 -7.07557e-02 -3.12526e-01 -4.63906e-01 1.33150e+00
6.05765e+00 -9.32678e-02 -2.20614e-01 -2.03940e-01 1.39517e+00
6.12486e+00 -9.80060e-02 -1.26104e-01 6.33743e-02 1.40857e+00
6.19208e+00 -8.47998e-02 -3.24015e-02 3.28405e-01 1.37122e+00
6.25929e+00 -5.41248e-02 5.71173e-02 5.81603e-01 1.28446e+00