1 0.500000
2 0.870000
3 0.393588
4 0.830594
5 0.489662
6 0.869628
7 0.394545
8 0.831300
9 0.488036
10 0.869502
11 0.394870
12 0.831538
13 0.487488
14 0.869455
15 0.394990
16 0.831626
17 0.487285
18 0.869437
19 0.395036
20 0.831659
21 0.487208
22 0.869431
23 0.395053
24 0.831672
25 0.487178
26 0.869428
27 0.395060
28 0.831677
29 0.487167
30 0.869427
31 0.395063
32 0.831679
33 0.487162
34 0.869426
35 0.395064
36 0.831680
37 0.487160
38 0.869426
39 0.395064
40 0.831680
41 0.487160
42 0.869426
43 0.395064
44 0.831680
45 0.487159
46 0.869426
47 0.395064
48 0.831680
49 0.487159
50 0.869426
51 0.395064
52 0.831680
53 0.487159
54 0.869426
55 0.395064
56 0.831680
57 0.487159
58 0.869426
59 0.395064
60 0.831680
61 0.487159
62 0.869426
63 0.395064
64 0.831680
65 0.487159
66 0.869426
67 0.395064
68 0.831680
69 0.487159
70 0.869426
71 0.395064
72 0.831680
73 0.487159
74 0.869426
75 0.395064
76 0.831680
77 0.487159
78 0.869426
79 0.395064
80 0.831680
81 0.487159
82 0.869426
83 0.395064
84 0.831680
85 0.487159
86 0.869426
87 0.395064
88 0.831680
89 0.487159
90 0.869426
91 0.395064
92 0.831680
93 0.487159
94 0.869426
95 0.395064
96 0.831680
97 0.487159
98 0.869426
99 0.395064
100 0.831680