1 0.500000
2 0.240000
3 0.175104
4 0.138665
5 0.114659
6 0.097452
7 0.084437
8 0.074215
9 0.065959
10 0.059144
11 0.053420
12 0.048544
13 0.044340
14 0.040679
15 0.037463
16 0.034617
17 0.032082
18 0.029811
19 0.027765
20 0.025915
21 0.024233
22 0.022700
23 0.021297
24 0.020010
25 0.018825
26 0.017732
27 0.016721
28 0.015784
29 0.014913
30 0.014103
31 0.013348
32 0.012643
33 0.011984
34 0.011367
35 0.010788
36 0.010245
37 0.009734
38 0.009254
39 0.008802
40 0.008375
41 0.007973
42 0.007593
43 0.007234
44 0.006894
45 0.006573
46 0.006268
47 0.005980
48 0.005706
49 0.005447
50 0.005201
51 0.004967
52 0.004744
53 0.004533
54 0.004332
55 0.004141
56 0.003958
57 0.003785
58 0.003620
59 0.003463
60 0.003313
61 0.003169
62 0.003033
63 0.002903
64 0.002779
65 0.002660
66 0.002547
67 0.002439
68 0.002336
69 0.002237
70 0.002143
71 0.002053
72 0.001966
73 0.001884
74 0.001805
75 0.001730
76 0.001658
77 0.001589
78 0.001523
79 0.001460
80 0.001399
81 0.001341
82 0.001286
83 0.001233
84 0.001182
85 0.001134
86 0.001087
87 0.001042
88 0.001000
89 0.000959
90 0.000920
91 0.000882
92 0.000846
93 0.000811
94 0.000778
95 0.000747
96 0.000716
97 0.000687
98 0.000659
99 0.000632
100 0.000607